5.114561061195793679e-01
6.751368125593346647e-01
4.543296924885471544e-01
1.502822311843412528e-01
3.873652408564106642e-01
2.158180115340359029e-01
8.541819893691978693e-01
1.059383865458654039e-01
1.353291049416606162e-01
5.424814373328460393e-01
5.080155981665117615e-01
7.404619269206103027e-03
7.030402336075610714e-01
6.150587157740962096e-01
1.806996007794692272e-01
4.969540937868206498e-01
7.422181532277616345e-01
7.277849057877661121e-01
6.956380611761040500e-01
9.642487323829930235e-01
2.370796954180126592e-01
1.358675297473431742e-01
5.869823042090805965e-01
2.512558442054086960e-01
1.511763061613502490e-02
7.832865615580817398e-01
1.844350982392646277e-01
8.572830763287728750e-01
2.815446705583837250e-01
1.662688924449727823e-01
3.881773692815453369e-01
6.176788953084676459e-01
9.476963279518872962e-01
1.086202526282880054e-01
5.007428290083555389e-01
6.858851526335352222e-01
4.583599988326625407e-02
3.787158250002923277e-01
5.189296024451572897e-01
9.210583675426813333e-01
2.989201950879064595e-01
1.240406067821117064e-01
4.496641646906741618e-01
2.616999110426427855e-01
3.245241051826153189e-01
8.277161112786224351e-02
1.871519787854267758e-01
3.820326822052926286e-01
4.975536455476803344e-02
4.269486561528964552e-01
2.640013766844834242e-01
3.233841881838754873e-01
3.602150235482598495e-01
6.390254570499592779e-01
2.677705527889332471e-01
8.320158791443186264e-01
7.567484911789275071e-01
8.676136185603968709e-01
5.767009373073361811e-01
3.056307786202584476e-01
3.039132201701078007e-02
9.669337657551065890e-01
7.143586750316220924e-01
7.957539733975110829e-01
4.698141186824839055e-01
4.276396568381390928e-02
1.239281083945751316e-01
6.299665575730368783e-01
5.775666312454893481e-01
2.933177710818265504e-01
4.493430882375261115e-01
6.380538736297928226e-01
4.223104346751986871e-01
7.123034807867214546e-01
1.454030386709851408e-01
5.143672097613513072e-01
3.232519012477818032e-01
2.135811717120245090e-01
8.317569471183549057e-01
3.909810620314305707e-01
8.642615019832013967e-01
5.970635994455308904e-02
6.540366504344684584e-01
1.546843986777282076e-01
4.347979362690593819e-01
4.966600867174034706e-01
6.699558951035401444e-01
7.261404481694558877e-01
9.294317865354265740e-01
1.331161279954898857e-01
5.167083964360245085e-01
2.193453524300612578e-01
1.111055144573613873e-02
2.426473822603736341e-01
1.836250011676777705e-01
1.193637690339284241e-01
3.652402169626108863e-01
3.684281268912351637e-01
3.146109121008699994e-02
1.818904226181555783e-01
1.922667401553921351e-01
3.378653336382303474e-01
2.214348558671961342e-01
6.620261314072561909e-01
7.746854742059371413e-01
3.961345192242575752e-01
9.875409055164444672e-01
4.811314400732965568e-01
2.108152476741740333e-01
8.918449895456067589e-01
8.055296240029748978e-01
4.594335370349210690e-01
9.566860929810844238e-01
9.479432448898983399e-02
2.258386468595745544e-01
8.235603544212207749e-01
4.847441917125592248e-01
5.906899960321646548e-01
1.746768792119450797e-01
4.500086224842402283e-01
8.236513662593772933e-01
2.596899478060760158e-01
5.167739999708632626e-01
4.442113876010800322e-01
1.865129979018722572e-01
4.225214434016688614e-03
2.200566101032450650e-01
9.583438120518208425e-01
9.959258868269265097e-01
1.659947797761970323e-01
1.876657864461726000e-01
6.509771280342786515e-01
9.262261465520083004e-02
1.757017873440714917e-01
6.316951877665267778e-01
8.856729781140791902e-01
1.605972926750176555e-02
9.943505470726476947e-01
7.645014614863387958e-02
3.744627790532032430e-01
5.025422017579936895e-01
2.885179618987369077e-01
3.853261390377306084e-01
7.537043722077341190e-01
4.573137923369892111e-01
2.508803516559071634e-01
7.448860456645383099e-01
3.722520384081150491e-01
8.543617616368228695e-01
9.828946780632132896e-01
3.647547907023421798e-01
1.525878426058013826e-01
8.420441020307434243e-01
9.605796545092093464e-01
4.074712215047385788e-01
2.672874517435479547e-01
2.034939286755643728e-01
1.009512182502321220e-01
7.270151982469497121e-02
3.606956742461231435e-01
9.991996193628243095e-01
1.686074725506415684e-01
5.771287628503870559e-01
3.709024175765754938e-01
2.478444265415449266e-01
2.370327240698589799e-01
3.957498944092503468e-01
1.202618824230814454e-01
9.043598764217548602e-01
5.662079444238949932e-01
5.415950796283708346e-01
1.522495335327703758e-01
7.070863070469617373e-01
1.282124494597597364e-01
2.035595000292622636e-01
2.696748576034413425e-03
2.725478546920201417e-02
2.571000841220336675e-01
4.069048773030849997e-01
5.277631551105717023e-01
2.288957659859869320e-02
5.731485172137362749e-01
7.015648996386025793e-01
9.380169705454832751e-02
4.554439859636556509e-01
5.011230125453587370e-01
3.417707310968741696e-01
3.885885011387724131e-02
3.184681414108736508e-01
7.515029020785732872e-01
4.594272385985636031e-01
8.477977947724960606e-01
7.007883606843992030e-01
7.675308469200131656e-01
2.128453973011925626e-01
9.981771966745214275e-01
2.900353565749973495e-01
2.119985051062367454e-03
5.968229266191372728e-01
3.388960305533816886e-02
4.209908845012753087e-01
5.708864413017040729e-01
3.721202155086485996e-01
4.624875607210229278e-01
6.772510915544320831e-01
2.701960410925812184e-01
8.037201910608563482e-01
5.635569675996068284e-01
1.770946085811313520e-01
9.130651722533404957e-01
8.224493468481391956e-01
5.937823615224135931e-01
6.370914563942405850e-01
4.249337553954763980e-01
9.408742476971684310e-01
9.770628880750515943e-01
9.086620621514550633e-01
2.117768842887882697e-01
7.820841693211835199e-01
6.881723886227453235e-02
8.051683006785649299e-01
5.459156722130031891e-01
3.024565609557650081e-02
3.651204277629109818e-01
4.954136279558046807e-01
1.132132210189545907e-01
7.555956540013550882e-01
2.590250462465675252e-01
9.969221058573515259e-01
4.512250634554471063e-01
9.778166167160131650e-01
4.766221404907134973e-01
1.117798417030515523e-01
6.615551985069028085e-01
6.339714048878385411e-01
5.894817467493528307e-01
9.444634308724284555e-01
3.170921225577171265e-01
8.843829359679088453e-01
3.759179774200300805e-01
6.797339474551555849e-01
6.437068130883184525e-01
6.642351897201075328e-01
7.698247027595329639e-01
4.246573578597675480e-01
6.466607107766558782e-01
1.994970472575321452e-01
2.831837705011719386e-02
2.111464012362418430e-01
9.593729561413405493e-01
7.484979911045264167e-02
9.152413870174674893e-01
8.233996525029076974e-01
5.523568132052668611e-01
2.198450445086456151e-01
4.534593973294067659e-01
8.218350244605593380e-01
1.149494991127286703e-02
8.962472765339815073e-01
1.834385557308713111e-01
4.644384746361132077e-01
8.902004086366817059e-01
4.774913803999450979e-01
7.124922300881789683e-01
6.326903371957937061e-01
8.708313855739254761e-01
8.071194637876624167e-01
5.411706654127474980e-01
1.687474225242742154e-01
7.896116144986906615e-01
2.845371378868342127e-01
4.318457574389269471e-01
5.717441234806928119e-01
6.096305520746925222e-02
2.853792057038173624e-04
8.941441188519227978e-01
1.176636317109038821e-01
8.335548457665094002e-01
3.275905068026059297e-01
3.503586175446937734e-02
7.953256282798529808e-01
6.065505715643005891e-01
9.162407112171514489e-01
2.268487637866285489e-01
5.495099006028797417e-01
4.408494044817372615e-01
7.275820546529848665e-01
8.636448716229675471e-01
8.085330174298481776e-01
5.451788117208256068e-03
8.001772211502333754e-03
9.985476212580209898e-01
6.253369877832227752e-01
2.561831714666930049e-01
5.119073728357341757e-01
8.105432526420605077e-01
2.807139893624880367e-01
6.645356666878142748e-01
3.168482994485397608e-01
6.876278667658662913e-01
7.867468856559943768e-01
4.586870599168445528e-01
3.675937832400137939e-01
1.548116004154774794e-01
3.212423778145028219e-01
1.028860739555087500e-01
2.533096753931535217e-01
4.592517338566465268e-01
3.477370694826376063e-02
5.775387581528714787e-01
5.614625875044417791e-01
6.522170506946544100e-01
9.427470394871756421e-01
7.547642917445005484e-01
4.050445243091704839e-02
1.809442886412376827e-01
9.267816102853435600e-01
7.089628717156911675e-01
5.740564644061839639e-01
7.851824656281981563e-01
1.470968132499881342e-01
7.456841427979546966e-01
9.529045392595205666e-01
2.477353732072515857e-01
2.576702152451408878e-01
9.929575735739066822e-01
8.491709068105065539e-01
4.246031261766011200e-01
9.647123179548571237e-01
4.475323185966165740e-01
7.331415055368017963e-02
5.035287462560594784e-01
5.422314530137345434e-01
7.289921337842297788e-01
5.997871972168288268e-01
1.893126423441433559e-01
7.952950627529323802e-01
4.069595377205943443e-01
4.665146357731845272e-01
3.613842797439678067e-01
2.826660590718510502e-02
2.934601980006251720e-01
5.521446090553949748e-01
9.050606663112968908e-01
2.652518034998484486e-01
1.065429528750005961e-02
6.191029572213906373e-01
6.030437661426069074e-01
2.486230725177324130e-01
1.167819837815454731e-01
6.688588809449389494e-01
8.088800648784412184e-01
3.415768192305701501e-02
3.007934009971643396e-01
5.848686969278450443e-01
5.977187156655765499e-01
7.132637630322223865e-01
1.633960045403244354e-01
6.999250690704397204e-01
8.997027170561489040e-02
4.594361741496363338e-01
1.903921884103908502e-01
8.602155504212054549e-01
2.231688111840124389e-01
9.398214433137065393e-01
8.221365298146189327e-01
3.339386842104253850e-01
6.303822719531683161e-01
4.664174385645704080e-01
5.304340647755372284e-01
8.235152900991506986e-01
4.457429685557251497e-01
6.585236757175861877e-01
9.497065045380419512e-01
8.831204705243635988e-01
8.863277083157764524e-01
3.244309446097710659e-01
9.298347501639060431e-01
1.511072843582301761e-01
5.540961471817373862e-02
3.688469430322544040e-01
2.122019045210682409e-01
6.663244624878645883e-01
6.984620630970711508e-01
6.441954602014856590e-01
2.024394545254833977e-01
5.654273844972889096e-01
4.113670215160905030e-01
3.160378619237217412e-01
9.055819980303552175e-01
8.048631670183443720e-01
8.192522841089766583e-01
6.882055441830009501e-01
3.186345555714398259e-02
6.162957295464842611e-01
8.694699361579072416e-02
2.095337227523975665e-01
1.160080533487193311e-01
2.046776560592024063e-01
6.569345317039123611e-01
1.690102125016818002e-01
7.099129500579505203e-01
6.607167576928500985e-01
7.517991899693066138e-01
3.865506804712797173e-01
5.647438335283279098e-01
6.770299224143039307e-02
8.914152205058172296e-01
2.588343140508886364e-02
9.389999963534106930e-01
9.864944035152179991e-01
9.377302690454724088e-01
1.192199485432859918e-01
9.308909698263575505e-01
6.667030649093159678e-01
5.445308216526862921e-01
4.574694532309809825e-01
4.376681534871972312e-01
4.533558413798810527e-02
3.469654276227585044e-03
4.177350642689847682e-02
1.360397425478139244e-01
7.948141496708005516e-02
8.703604300643054126e-01
1.115485822733102150e-01
2.713869210098236451e-01
2.745159526730014399e-01
3.764403266551558103e-01
3.859990050943873374e-01
8.133817916188429420e-01
6.720537377271901258e-01
7.579182126792071150e-01
7.820254664500221331e-01
1.051010297191519172e-01
2.685620938956166937e-01
9.986438503377338405e-01
7.212149837757292348e-01
4.952431923081588305e-01
7.958494529841175780e-01
8.305760816646061695e-01
8.673466352484315856e-01
7.386553237750463907e-01
8.058358133891518893e-01
4.917575295402254465e-02
4.178323983017482313e-01
7.912279433826417963e-01
9.948110158730537611e-01
6.525296489249209353e-01
2.291948055280768060e-02
3.920438700155572942e-01
4.652971877292949587e-01
5.082229012636315657e-01
8.174889164696844679e-01
2.263631163661499190e-01
8.086365255730704193e-01
3.996765049720040208e-01
2.551953907946418187e-01
2.144819725114481823e-01
6.261436306137549979e-01
8.944080437649363224e-01
8.738282892007253055e-01
3.308771982137048706e-02
6.659350621625372835e-01
7.144460157932643884e-01
9.819573428779796442e-01
1.263952293708701102e-01
7.258306641988037100e-01
8.041436807422948085e-01
5.043440749000009937e-01
4.684320356048474743e-01
1.640255159677622698e-01
4.144649275327032534e-01
4.067876354940728190e-01
3.208927035647861636e-01
3.503839139895271737e-01
9.195549565518285062e-01
8.674416361091452643e-01
1.844972727371756438e-01
2.793270857088396841e-01
4.642893989767375995e-01
6.989714293427196079e-01
6.776301895984448986e-01
1.682553574402607666e-01
4.487993020250988785e-01
1.895593334333202096e-01
3.668201714651941892e-01
2.516395078947522013e-01
8.316472014929767731e-01
5.058020950439667818e-01
8.010814887009276575e-03
3.320667262937022635e-01
3.085953949664722584e-01
6.795257757757189321e-01
3.651573656979338889e-01
7.994121272438241554e-01
3.175421352256768692e-01
7.480535093722218143e-01
3.017178644758555794e-02
6.777207345900098101e-01
9.516809109141234346e-01
1.748622350655363311e-01
8.282797446292793353e-01
5.736299217511019455e-01
1.064430229399260242e-01
3.120784465732706625e-01
5.044195824856789745e-01
3.324101527471834405e-02
2.219134496525704270e-01
3.221847799114986310e-01
2.477286152791323692e-01
6.866460621176549983e-01
8.499404054745932635e-01
3.075812040663871150e-01
1.095772244750449209e-01
4.037816513929365358e-01
7.886970945443587677e-01
8.978734863197808114e-01
8.651375723109477889e-02
5.920155331438747837e-01
2.548278651322933852e-01
2.797147954975266471e-01
6.752393974197344884e-01
4.920547759201833182e-01
3.100578186593800911e-01
6.311812437997903480e-01
7.074476497546863252e-01
4.473792837171872705e-01
9.041254509242641069e-01
2.375548123048909499e-02
9.213264434817391990e-02
2.227544799556036015e-02
6.362634290523673242e-01
5.225338146695476249e-01
2.720631156318563670e-01
7.489636502951516617e-01
9.037141052786341611e-01
7.661304962155768283e-01
2.565987485224198172e-01
8.067949422024108808e-01
6.600322680397469055e-01
5.975923178749815712e-01
4.114135526609572491e-01
4.289190747519088243e-01
8.022721053031944827e-02
3.929766250970516683e-01
5.844683634949774387e-01
3.416497333263933678e-01
3.265593290501911383e-02
4.873762512224789623e-01
6.684764600134405210e-01
9.603810673022237232e-01
3.234903238217650134e-01
3.630655657734642716e-01
3.829891187861844681e-02
3.465463883040628135e-01
7.896572366388364683e-01
6.258741818299360382e-01
7.811240219115673789e-01
6.617219155582495516e-01
5.166424008294279169e-01
2.435747407375395968e-01
2.541151221564885709e-01
1.276098209436591358e-01
3.427561651543339361e-01
4.276657743117080468e-01
2.298741915641782096e-01
3.390632193409659489e-01
5.192526128177678002e-01
8.058127358104748561e-01
8.348663924909937029e-01
1.334643094530872931e-01
6.500327647641923612e-01
3.678298466576214176e-01
1.366814305411789832e-01
3.232457738726205454e-01
9.431771803406633348e-01
4.407877114506292271e-01
4.900720750008520366e-01
9.258934383815102809e-01
5.739379000760914673e-01
3.007015197045376231e-01
3.053526539994000366e-02
4.157073164700841872e-02
7.049721399596881044e-01
3.811152649542918214e-01
1.329340069252991086e-01
8.950213183443100906e-02
1.178476910231315289e-01
5.123852626711666858e-01
4.791967277209326914e-01
9.525360522534318530e-01
6.734030047325156865e-01
2.445567165220321471e-01
6.481970920540816028e-01
4.790425944546992110e-01
4.402811359749191356e-01
2.374415970679177867e-02
3.085244829337816519e-01
1.209830374718522394e-01
3.535456885774288516e-01
9.610584116696330170e-02
5.766874748021956210e-01
6.143754088281443426e-01
9.167365804239625549e-01
8.128057282466110145e-01
7.994559724168806003e-01
9.539910176840882272e-01
5.156868934894932588e-01
6.924735722999356691e-01
9.140767973421876080e-01
6.497681818215058636e-01
2.548377503853809234e-01
2.464908941869999870e-01
6.821549891842583202e-01
1.050995086828589997e-01
1.518209805418415659e-01
3.913379228542780419e-01
4.249657595758591366e-01
2.212351475165762471e-01
6.433188907730891248e-02
5.441531017623149058e-01
8.289915122468982656e-02
5.584225541697738215e-01
9.343570866335637604e-02
9.220534880076800555e-01
8.342949184386507788e-01
4.518099675921405378e-01
7.721085191079880561e-01
4.040146207984847138e-01
1.837880714471360477e-01
7.123347463328552065e-01
3.685848696346070152e-01
8.483813890571557659e-01
7.848290191754996314e-01
4.410057410283863000e-02
3.981938002117407782e-01
6.254933356686865897e-01
9.471303242151218882e-02
1.642675476169471738e-01
8.804257139566484813e-02
3.080555361102178535e-01
6.571547123357873721e-01
3.520265180780430825e-01
4.494545273576285860e-01
8.526790577609913990e-01
6.746363186366954867e-01
8.465928959103669049e-01
5.418196696122892231e-01
3.497059592842282072e-01
5.684598885262929224e-01
1.670094318046980719e-01
6.676486597669351042e-01
1.713780238650889354e-01
5.798551428394354001e-01
8.978965628024331291e-01
8.852649565699834966e-01
9.873876206885786599e-01
3.430963141335765521e-01
9.316642320428303314e-02
2.304573283768404091e-01
5.299783482941000656e-01
3.820313023852660583e-01
1.450458382337506125e-01
2.209340923685612079e-01
6.352531000322695354e-01
5.601824343501343728e-01
5.229581387943286197e-01
9.214775087052435865e-01
3.085293671201881915e-01
6.937747813507866290e-02
2.916709740889906755e-01
1.020493078520460228e-01
7.495006044073606599e-01
3.187790469957541006e-03
8.508789389718698359e-01
8.187087406257111954e-01
5.709014463869761524e-01
4.243792530649856953e-01
4.648382683004876892e-01
9.822752293495280451e-01
2.927250935737865101e-01
9.760965346581442770e-01
3.836327565310220233e-01
8.981384510396339671e-02
1.221757304275575828e-01
1.660705666991001417e-01
6.508183246590961701e-01
8.067750556599376788e-01
2.134099195141418992e-01
1.214240750822626058e-01
6.119444670421338994e-01
8.407785440241757335e-01
4.338168009652555446e-01
9.612046974891261808e-01
9.834712339859512653e-01
3.011153299582793874e-01
9.087827479369826600e-01
3.211902744854558955e-01
1.054258342014758876e-01
5.848878068537763930e-01
5.101048305321884690e-01
8.485863378488991415e-01
3.984956758852162828e-01
9.503361131798860884e-01
6.640085362513311606e-01
9.418896523044649749e-01
4.125360495890286749e-01
8.701435672847074310e-01
4.838992729654811864e-02
4.608552372622207738e-01
9.308161245206703072e-01
1.282867214264959976e-01
3.141190067984541701e-01
7.584274297119509844e-01
6.420497531488144061e-01
5.897583979891396488e-01
4.196657241392274251e-01
1.134499540911445559e-01
8.251579948603217085e-01
3.709339617240885456e-01
6.500595896900019932e-01
3.467574533287586247e-01
1.517741694293859300e-01
1.151736436975083766e-01
9.756452689179049287e-01
1.536731038979652908e-01
5.883778976693913032e-01
7.772752640656244161e-01
9.199865029963091301e-01
9.591160965413686457e-01
4.482355379295059894e-01
6.308250481783195251e-02
9.446421845240107196e-01
8.808227083697579562e-01
2.677996263797255416e-01
9.624299821881880934e-01
5.266395298992947449e-01
5.359141897685082423e-01
4.626347216849722166e-01
3.073867580602973604e-02
9.810435812425872815e-01
8.999848031888979527e-01
6.973914188683318915e-01
3.918742980891980476e-01
9.774658076352820135e-01
7.573440494836634063e-01
2.449918039845688789e-01
2.953288933660191962e-01
8.094195785576786539e-01
3.870266488882944111e-01
8.472596268840054679e-01
9.582313757278601019e-01
6.979626689750751956e-01
2.437260458888472758e-01
3.960645486539923210e-01
9.352340650226609320e-01
4.033990624288419369e-02
4.754591670582495322e-01
8.211280804093271657e-01
2.036701123613194886e-01
6.444548983302639256e-01
3.742541728156856262e-02
9.201045540280917701e-01
7.951738422068054257e-01
9.472431211422288611e-01
2.265018571400781999e-01
7.250352663172460188e-01
4.003150725368125329e-01
4.294969997780793136e-01
6.343861107086737894e-01
9.339640187878891497e-01
8.152485452533675403e-01
1.219588261366248982e-01
7.097626487231994963e-01
6.159588885840058259e-01
5.038429139316040750e-01
5.448820357262708081e-01
5.923705778045162962e-01
7.563025444495278249e-01
7.321613736204742873e-01
2.452785477269819880e-01
7.253652713568985444e-01
1.458644186992086311e-02
5.344831239109029131e-01
4.080068983582629816e-01
9.771256514100989943e-01
4.094360316445507797e-01
1.311167861267825696e-02
5.053524549611968508e-01
6.409584595834130205e-01
9.675368296503801258e-01
3.182112863194856978e-01
5.364712601391874447e-01
4.768777220278503925e-01
8.290792600807022072e-01
8.819973867786955468e-01
5.585057063644693898e-01
8.769431187819649587e-01
8.893263822898912485e-01
3.391879917582334425e-01
4.578526662083073351e-01
1.597346608745262575e-01
8.286991366336071696e-02
7.845525046021284421e-02
5.326777033564958908e-01
4.070295881438746877e-01
3.790611902539333666e-01
9.689105701966341799e-01
4.443067905617950064e-01
2.651010087357209555e-01
9.131608656563344750e-01
5.766583009291348372e-01
5.378914762185791343e-01
1.608093584510303931e-01
5.209234296059230829e-01
6.527573053946417181e-01
4.121981974892687806e-01
2.637522649340789949e-01
9.586647681371034402e-01
1.858095749374693018e-01
9.147034776429467939e-01
9.323492622777008743e-01
2.358585733375985205e-01
2.588287462600286082e-01
6.378399841030915063e-01
3.272693249779443647e-01
6.421463248247000211e-01
7.000851813334237894e-01
5.884315257452912284e-01
8.899705171085527944e-01
7.093604882614793494e-01
5.889253755129693069e-01
7.130289640285490949e-01
8.906062010529260942e-01
5.679480142073972671e-01
5.062749270969374438e-01
9.611700051435745351e-01
6.193872592281783884e-01
6.600839652767697130e-01
1.685800745089116592e-01
5.398736662277130449e-01
1.907876456679705734e-01
7.162446400296041960e-01
9.754898490098684594e-01
2.048423797018751324e-01
1.827936397262800439e-01
6.574634459090142879e-01
8.626863464651961522e-01
1.226128744036995011e-01
3.001672606383097852e-01
7.988108577127492893e-01
8.060522590436326462e-01
2.036267299390183139e-01
1.375240588694829347e-01
5.648704131632084069e-01
2.721348901008929788e-01
4.615955029088181227e-03
6.023171508053387635e-01
6.594715682219675079e-01
4.375681222472072029e-02
8.896094232563553916e-01
9.812758671037473679e-01
8.113665860909937688e-01
7.582287379534671246e-01
4.138020141702882793e-01
4.014001897680232744e-01
8.587957219857259572e-01
8.212599411241229275e-01
7.045158364667226669e-01
7.848510799229132529e-01
6.294090518342576601e-01
8.384987845588041111e-01
2.644213633623989645e-01
7.337159086904466720e-01
4.372496887954838707e-01
3.959161155177348679e-01
6.794905442112647576e-01
5.060421691213775608e-01
1.910722621520301034e-01
9.130315182184639555e-01
7.450612267449419068e-02
3.878843864765301186e-01
9.772159634886550261e-01
4.620299940090684121e-01
7.830827496354385575e-01
9.615343343232951590e-01
4.651446681995735632e-01
7.538728321146388467e-01
4.760648419106081608e-01
3.518904767450672377e-01
9.617353926828942079e-01
4.940891213269927862e-01
7.148122716612327343e-01
1.122202824019464806e-01
4.827348637915270801e-01
7.953155323946026201e-01
1.165952941215617766e-01
9.946669718816250061e-01
9.447779138718290781e-01
7.255443499546038177e-01
7.518941183915822668e-01
2.765916397701141394e-01
5.488575953146304087e-01
4.861664739791795586e-01
6.557025468630239828e-01
1.023528650185621114e-01
5.097359276959493313e-01
3.092839955583159828e-02
8.263642584351194031e-01
3.249433339350379368e-01
7.930010087356413884e-01
3.682392684703198471e-01
6.085494668531026274e-01
8.735696718593216614e-01
6.505260747500607454e-01
2.307064002205454489e-01
2.259049108958057772e-01
6.114179742559284758e-01
5.479390972143104444e-01
1.100035001418360192e-01
7.860155343213971468e-01
9.918578948257277261e-01
5.461355834267616061e-01
4.616867223627922900e-01
6.452298498551048977e-01
2.411846812791503814e-01
2.224762345741770897e-01
1.482344249170363115e-01
7.933203751456269215e-01
5.884416876523418383e-01
5.027022480895602108e-01
8.573198824602975554e-01
4.264627448755905492e-01
6.712532279913712152e-01
7.464529068600757045e-01
4.729764422217564990e-01
7.532025717164356760e-01
8.280890656424071405e-01
3.041750164012759772e-01
3.221271080970867784e-01
3.047188979832196054e-01
1.163578507376440418e-01
5.736125619453019686e-01
8.012468749150095659e-01
5.666308521236798068e-01
6.166068421046254633e-01
9.627764261533791057e-01
5.855974556860847891e-01
7.520398856383055941e-01
2.567283784572659266e-01
1.661253095009936898e-01
2.037288912645580652e-01
6.524516619653253358e-03
3.604224339273986999e-01
2.862772473839180210e-01
7.365741238575662653e-02
3.520660716023710224e-01
1.282904520717507157e-01
5.760139342152914566e-01
5.760815809429985501e-01
5.457213994730486517e-01
4.432177464238384879e-01
9.335542576492361633e-01
3.328201252576695746e-01
2.414720487952705108e-01
2.163586478355883358e-02
6.809128862998994336e-01
8.987173505004041330e-01
9.521581506343981260e-01
2.865027848110202058e-01
5.073164635610833972e-01
7.339761551141097407e-01
8.999447414714280002e-01
1.366810968182154973e-01
8.210476340215622226e-02
2.356924196412054640e-01
9.636298692612024208e-01
7.944932984914332419e-01
5.650999968764458536e-01
6.856567731748607342e-01
2.096146880233521470e-01
1.206577623739473193e-01
5.052357192831142818e-01
7.585475018007139525e-01
2.271348991121854288e-01
4.646540490773283238e-01
8.797147284685427060e-01
2.520110857091150125e-01
9.339099915611663860e-01
9.379446395842574447e-01
9.703252338989294401e-01
2.302585555653329230e-01
2.429959035757677244e-01
9.125064456207584440e-01
2.919822762592033660e-01
7.886348864626689936e-01
6.932462438397974935e-01
5.431336057700028030e-01
7.183260669098354700e-01
5.375213237910890784e-01
